1795 4
1698 302
1498 708
1490 969
1610 1288
1567 1023
1573 624
1805 1036
1838 1267
2038 1294
2031 1625
2104 1776
2289 1831
2417 1921
2396 1958
2418 1956
2444 1979
2777 1964
2630 1869
2424 1776
2184 1719
2071 1394
2080 1284
2045 1167
1987 1150
1867 1104
1942 869
1818 774
1775 649
1744 645
1719 476
1816 410
2021 593
2126 1006
2186 998
2101 828
2166 639
2288 1043
2215 1261
2257 1216
2310 1435
2404 1357
2424 1180
2344 973
2319 905
2561 763
2421 711
2129 585
1872 425
1987 207
2250 200
2273 84
2471 343
2635 90
2721 28
3219 18
3486 67
3430 378
2763 690
3056 682
3058 789
2845 1043
2612 1215
2500 1535
2560 1432
2627 1408
2932 1798
2803 1473
2689 1336
2677 1240
2763 1149
2864 1173
2959 1195
3293 1638
3435 1634
3478 1617
3330 1329
3059 808
3356 881
3486 883
3615 985
3599 891
3717 868
3634 763
3480 682
3534 269
3597 109
3721 8
3760 65
4004 61
4100 112
4130 181
3753 532
3834 702
3988 361
4101 506
4023 839
4106 843
4059 1090
4211 905
4187 813
4182 787
4176 505
4184 326
4281 342
4312 306
4477 5
4508 288
4525 80
4761 66
4983 120
4927 298
4817 422
4792 588
4542 559
4596 667
4692 686
4849 860
4922 978
4955 1033
4796 1112
4811 1193
4461 1191
4423 1203
4375 1291
4062 1398
3800 1471
3968 1483
4059 1436
4158 1411
4369 1327
4566 1365
4324 1595
3913 1878
3903 1944
3273 1935
3095 1974
2829 2208
2669 2363
3009 2257
2895 2493
2944 2486
3139 2442
3366 2088
3356 2035
3362 2023
3484 1980
3643 1972
3868 1987
3932 2008
3930 1975
4090 1958
4006 2159
4072 2287
3796 2393
3488 2270
3387 2372
3622 2454
3683 2443
4101 2485
4114 2472
4418 1612
4667 1597
4944 1518
4928 1537
4809 1740
4880 1754
4918 1836
4915 2182
4744 2297
4962 2744
4760 2843
4320 3037
3999 2673
4037 2742
3768 2933
3543 2749
3303 2623
3221 2840
3401 2750
3475 2868
3568 2872
3606 2924
3662 2954
3625 3151
3896 2921
3922 3137
3963 3027
4074 3004
4147 3102
4139 3243
4221 3125
4519 2990
4788 2885
4989 3309
4819 3293
4514 3248
4575 3276
4843 3520
4783 3633
4816 3823
4758 4013
4603 3898
4500 3914
4417 3676
4344 3539
4240 3651
4212 3670
3945 3355
3729 3418
3767 3416
3988 3472
4025 3574
4114 3658
3844 3789
4066 3817
4109 3803
4178 3805
4396 3821
4480 3919
4096 4002
4197 4008
4338 3980
4482 3995
4643 3979
4679 4087
4641 4327
4368 4137
4299 4257
4206 4235
4104 4118
4122 4192
3817 4171
4045 4356
4254 4424
4504 4570
4585 4480
4802 4363
4947 4561
4842 4846
4590 4851
4546 4849
4441 4763
4414 4951
4309 4944
4251 4815
4028 4725
3941 4943
3542 4692
3506 4478
3463 4297
3336 4237
3538 3597
3333 3739
2972 3657
3157 3043
2879 2882
2636 2768
2542 2751
2748 2845
3020 3019
3025 3194
2889 3142
2911 3286
2695 3232
2631 2992
2407 3239
2864 3398
2730 3627
3099 4075
3099 4146
3069 4152
3434 4425
3417 4506
3447 4653
3644 4842
3490 4992
3254 4974
3233 4601
3222 4625
3098 4629
3226 4817
3144 4826
3001 4996
2965 4880
2926 4766
2958 4398
2830 4207
2810 4540
2411 4384
2527 4104
2534 3841
2591 3698
2544 3527
2498 3723
2420 3848
2376 3795
2279 3736
2188 3757
2074 4040
2130 4137
2156 4274
2211 4358
2779 4542
2666 4946
2518 4988
2414 4854
2317 4978
2001 4998
1599 4979
1470 4674
1555 4532
1867 4145
1939 3880
1829 3884
1796 3911
1599 4094
1581 4203
1497 4592
1256 4603
1233 4606
1312 4654
1274 4721
1254 4320
1108 4305
1008 4425
1019 4453
953 4637
781 4805
668 4581
403 4764
330 4883
166 4622
160 4551
275 4229
839 4141
1259 4054
1026 4029
1002 4000
1021 3755
2089 3524
2087 3141
2363 2691
2467 2337
2328 2334
2273 2505
2124 2681
2038 2797
2048 2928
2073 3233
2072 3439
1845 3532
1755 3457
1517 3589
1932 3157
1859 3170
1688 3107
1755 2993
1810 2857
1802 2766
1981 2658
1856 2722
1782 2660
1609 2855
1403 3185
1319 3163
1199 3331
804 3406
751 3487
773 3684
518 4152
402 3935
234 4036
14 4028
177 3878
164 3874
224 3629
179 3573
10 3555
341 3489
285 3432
300 3354
477 3153
390 3174
308 3112
137 3341
58 3232
6 3057
53 2823
271 2794
111 2710
276 2446
522 2470
930 2869
1050 2794
919 2605
936 2678
915 2710
813 2703
638 2464
861 2514
899 2461
897 2462
791 2426
1386 2520
1508 2529
1593 2323
1397 2396
1153 2352
1142 2155
969 2167
951 2172
796 2209
788 2337
669 2345
639 2368
518 2459
311 2310
20 2365
64 2267
191 2216
114 2081
132 1964
729 2052
469 1914
148 1780
266 1635
376 1589
306 1532
326 1242
321 1097
242 1144
14 851
114 854
91 835
51 775
155 764
362 892
498 1006
636 1114
650 1336
793 1679
830 1639
984 1784
1079 1856
992 1594
922 1388
843 1445
696 1278
681 1117
917 1119
1160 1515
1324 1848
1870 2323
2087 2301
2052 2235
1863 2215
1829 2236
1731 2150
1735 2002
1939 1890
2132 2013
2070 1925
2001 1849
2006 1831
1806 1939
1750 1953
1573 1903
1525 1852
1332 1685
1297 1468
1132 1440
1132 1340
1263 1312
1185 1190
1174 1043
878 1076
794 1013
445 872
438 688
336 343
276 214
331 166
466 139
624 76
829 90
769 296
673 582
739 470
974 499
937 737
1071 634
1024 472
883 469
877 269
925 154
1226 182
1358 385
1390 125
1376 12
1795 4
