598 3948
195 2830
4105 817
1447 133
353 1190
1919 837
2386 305
4434 272
3075 956
331 1834
2527 4975
57 1439
2481 1745
1736 3080
693 3283
910 1150
4101 3710
3144 4341
1212 63
1720 4613
222 1147
1921 1906
4334 761
1903 1861
736 3312
3301 3218
58 1389
1298 2103
4672 3560
2270 2241
148 1766
1582 2712
3182 3113
4015 1254
2726 589
3754 999
2495 4440
1760 751
2653 2496
4063 2306
2066 473
3695 4716
3929 4720
3277 3535
2128 1345
410 4552
3176 4425
2158 2254
1366 2264
3253 214
1704 1365
2317 4358
213 1380
1664 2280
3206 360
1996 3487
1432 273
2022 1277
3525 4150
3975 3543
565 4385
4447 3741
162 1605
2347 2880
3870 1952
3094 1926
3317 411
1284 3531
3144 2949
811 1350
1189 1093
4433 3211
3722 4310
3713 2697
4205 4279
3434 3652
1609 1720
2829 1831
3672 2275
3758 3342
2687 42
3225 831
2991 4036
3533 4004
3195 4722
4285 172
4642 2998
4221 3847
3629 4008
3851 3002
