2635 22
2687 42
3317 411
3206 360
3253 214
4285 172
4434 272
4606 125
4105 817
4334 761
4845 1899
4642 2998
4433 3211
4672 3560
3713 2697
3851 3002
3758 3342
3975 3543
4101 3710
4221 3847
4447 3741
4661 4159
4569 4434
4372 4948
3929 4720
3695 4716
3722 4310
3525 4150
3629 4008
3533 4004
3434 3652
3182 3113
3301 3218
3277 3535
2991 4036
3144 4341
3176 4425
3195 4722
2527 4975
2488 4997
178 4950
410 4552
565 4385
598 3948
97 3980
195 2830
331 1834
148 1766
162 1605
57 1439
58 1389
213 1380
353 1190
222 1147
18 63
1212 63
1432 273
1447 133
2066 473
2386 305
2635 22
