4444 2851
1860 3932
60 4992
1232 3678
1036 427
2794 1441
3261 4265
612 1928
3192 4800
4733 2466
745 3557
4764 2479
2244 762
3900 4075
660 3053
3930 1457
2256 2142
389 2316
2135 2974
2346 4523
3401 141
964 3014
758 2928
4942 302
2728 4676
4120 3474
4585 3884
953 3181
998 1205
2256 1659
610 2539
3116 4218
4681 4857
2886 3168
2831 233
2692 2584
1726 8
598 2484
4289 1893
2786 3369
2921 3259
3195 3858
2143 500
2039 3142
1706 648
1153 3668
3187 621
2887 4220
478 773
2389 4662
2358 1433
3598 4084
2793 549
2920 2082
2442 2059
1804 1715
318 4999
573 2461
500 3964
1955 3558
4612 4460
3578 2799
81 1465
3372 1912
3591 2113
1574 2301
3546 1524
2738 2691
2073 658
4774 867
2717 1578
3934 3035
2929 859
1849 3429
4824 3804
1987 4436
4617 566
3588 4698
3383 1960
1610 3326
425 4536
628 3971
1061 3366
1662 4486
376 2788
1706 3094
718 640
2481 3648
1500 4330
2077 2676
4487 417
3464 4104
2335 2052
154 718
364 1765
4045 789
2653 1025
1112 66
743 4127
4553 1119
3267 1259
565 3986
3251 3047
2634 1103
2377 1063
3779 3216
2832 2244
3672 167
648 3827
886 1013
592 1283
3154 4597
3660 619
4664 4403
4746 569
1874 3013
3180 2440
3351 1431
487 2337
2535 4216
3401 1314
2433 1233
4910 2457
1401 559
1284 3639
2924 1876
4922 1078
1474 3582
3049 2490
4337 2795
3059 1211
2161 1239
3651 512
2670 490
2850 1557
4707 2603
4224 3492
188 4134
949 1589
4693 2234
1580 2617
462 1502
48 3288
1436 3097
778 2125
2245 189
3337 758
1428 3340
1270 451
3831 472
3360 4890
4427 2584
3382 4616
1719 683
2557 2764
4269 4138
1734 4732
1992 1782
4372 3429
1231 1503
1906 3476
1692 243
4234 4473
4936 1857
1276 3767
3681 4636
9 3109
2221 3391
2725 292
426 1634
4408 4696
772 1142
780 2765
4276 152
2546 508
3007 4452
336 4700
1048 923
525 984
4132 1801
1103 2813
1437 1112
2274 10
855 1351
1654 1281
2986 1063
977 3758
3557 1757
1523 2834
3262 421
4694 1269
4874 30
2321 922
2305 2846
1906 1437
999 3009
603 2437
473 4229
3799 1328
1933 454
2609 4919
2869 4939
29 1426
1696 2905
612 1310
3326 306
2580 3200
1689 4901
4122 3994
4100 2380
1784 99
1741 3739
3888 2214
2968 4040
3542 4901
4494 2504
1172 3715
2443 2554
141 491
459 2106
1802 137
2412 734
3338 453
1987 3812
4448 1087
2545 2584
2539 4286
2675 1427
2853 1995
467 2747
3249 1313
251 4421
1380 4046
1975 2874
890 3786
4980 4044
3924 2392
4778 2262
4198 1765
2426 3646
4205 4971
2582 1744
610 257
4523 3463
3604 1343
2562 1853
4008 4166
1275 389
3212 4602
4615 454
4741 4595
4498 3665
3339 628
2279 2537
3746 4705
2535 2951
1029 1469
1047 2991
3078 1922
2806 1683
4617 368
3536 3626
886 1163
367 451
2118 4982
905 1859
929 404
524 4268
1032 2803
1806 4778
3860 693
4081 1241
2163 1480
584 241
3403 3390
1924 3020
111 1813
2998 997
2976 4717
1448 1446
1051 2354
3305 1980
4110 181
1249 1494
2984 4407
2625 3197
100 1706
790 3615
4539 1375
3857 2942
1117 2133
2314 1228
298 1665
3578 4627
1382 1378
1073 2434
84 4379
4414 4194
912 2015
2041 3897
1422 4666
3446 2875
2724 588
2842 2263
1963 1699
1557 4433
185 224
2013 483
1889 591
1462 4623
1970 2536
3409 2054
3267 4176
2601 4179
1191 4642
4428 3966
660 4226
3193 4736
4815 1035
2000 3130
4087 4909
2563 624
1485 4577
2459 4726
1520 3922
4350 3490
1458 4111
1897 1077
3287 850
256 831
492 1037
1149 2504
263 694
2240 78
3081 592
3209 2168
502 2124
2792 3339
1701 1604
3066 4574
526 3768
3064 3336
2879 1313
4413 2519
2163 1021
4702 4007
2058 851
1511 2322
2897 3752
3752 978
696 3313
3147 2550
438 2291
890 3491
3895 3956
3065 773
2724 2482
4109 1955
147 4874
4474 3663
896 4176
2670 2954
1379 534
1628 4276
4286 381
255 1334
46 4754
3885 484
3397 4775
328 3645
3731 4745
4418 2807
3579 4880
4762 3727
4754 589
2390 650
4765 1412
4957 2497
1946 1585
1773 2584
3318 3380
3919 3365
4486 2804
201 2884
2579 1881
2881 2662
1627 3651
1821 206
3531 1583
285 4638
2172 2675
1640 3290
4088 1597
787 2386
4535 3912
4971 2853
2293 3890
2570 1779
1694 4124
1015 625
1005 3896
3287 3984
2548 108
4191 2431
3043 828
2069 1568
4856 3710
4858 296
1659 645
2682 1194
4557 2653
400 3202
1543 4322
4982 4589
3446 2349
214 804
1246 4853
4788 146
4961 331
2577 4357
1160 999
925 1016
1061 783
1312 2720
2780 3994
267 2337
3000 667
540 4543
1341 1874
485 4788
4223 699
592 1821
553 380
3319 1866
712 2249
2575 3224
3248 3500
4240 4309
635 1904
3381 3415
2250 3648
2105 250
667 3997
1146 2009
871 1631
1797 1446
3682 3741
4620 4235
473 2939
2454 2537
188 29
761 4788
4882 1
449 517
1905 3831
285 4156
2479 2390
758 3147
1387 1904
156 2258
3535 3305
56 3570
2046 4676
2805 2519
3968 1611
57 508
2993 2170
297 2875
2172 746
4744 429
4577 29
937 3409
2419 1696
1556 3806
4952 3064
2416 4840
1369 3825
3410 4767
4853 2567
2286 3821
4179 3695
4330 3524
866 979
2751 4390
1725 2495
1171 2655
3877 2109
1064 2648
157 3972
1455 109
2036 223
4949 3405
400 4711
3172 254
2279 1810
427 1458
1858 4757
1334 4076
736 4085
4818 3814
1580 989
1469 1809
4450 3885
4458 4607
2857 2265
1069 4893
2488 2370
4650 4241
2082 4174
4495 4361
2336 4922
2171 4194
1032 3505
4622 3120
2590 4440
1934 522
1782 4755
2332 1232
3640 1790
2192 2849
407 3261
2742 4247
1983 3744
3488 417
2918 2983
4778 255
4258 3301
801 290
1806 1776
3410 748
1216 1697
2623 2998
2804 4955
583 2797
3097 2775
646 4856
2388 3389
4103 4371
3485 2592
4789 2756
1927 919
4363 1185
4221 164
2827 2379
3292 2590
4480 861
639 2103
211 3443
3410 794
1240 2859
3569 1887
2715 957
1628 1818
1681 113
4410 2822
2869 2690
3741 2232
3875 4314
3749 3055
1694 3393
645 1174
4254 1284
4629 4466
1079 3039
260 2320
898 3830
559 3613
1139 2187
1783 4172
3652 2546
1994 2874
236 736
1402 1559
3518 4448
4953 4163
1974 4207
1799 1603
3673 2879
4642 286
1551 1892
468 2110
1857 1607
649 3641
780 653
1187 4126
4879 1423
1214 1338
1886 2617
2897 405
2065 2850
920 4040
3410 4072
643 3435
3303 1638
3721 1206
3530 4189
4668 1740
797 317
381 2929
2322 2920
3407 2202
695 4622
3540 3933
2239 2789
690 4304
1992 2963
3344 1754
2035 3988
189 1690
1978 3911
2896 508
3100 2564
3600 249
4233 333
4530 2907
3253 2938
109 300
2560 1
586 4799
4143 1276
455 1135
591 3800
2889 2626
4140 4430
668 1118
3341 3564
2978 2794
2480 2931
3043 1713
3264 3926
973 2870
3216 1082
3170 776
2436 108
1927 1579
1385 2382
4066 3328
2534 1955
2307 3026
2737 2975
496 1079
2892 4827
3873 372
2758 3268
3438 1022
3546 4411
3892 1762
1845 3415
3890 4281
3523 817
860 1260
4552 4926
4589 3438
3233 3248
1465 971
1223 1961
3402 4115
1788 2275
4488 898
1895 4278
1921 1794
3689 2165
3556 1886
1932 3799
1168 456
968 2028
3068 520
3307 4009
3959 1540
2257 1776
3863 4833
89 2265
3948 1878
892 4788
2776 4140
4066 1049
934 4107
3215 842
994 147
4641 3514
1955 610
542 1376
2482 201
1737 2793
1742 3995
4569 1957
180 4659
4223 4128
2889 115
269 2017
4255 687
3067 1541
4795 2634
2384 2141
4133 2025
655 2441
3987 2549
169 1470
2751 1906
4263 845
2253 185
4154 2433
4844 3377
2914 4085
3493 3183
1102 4100
3870 521
642 17
4507 3026
3510 4993
1403 517
3786 391
3067 3955
3213 2170
2213 2476
4367 4467
2661 3521
3252 3857
3251 1166
2942 3096
701 397
2196 4572
918 4190
941 1778
3568 4452
1771 4972
4969 1909
1715 4388
864 4928
1558 3077
3756 2277
3896 1418
2151 2149
1627 402
4667 4570
3498 369
1319 694
4941 3589
1237 2234
367 4805
1686 3490
1129 1656
399 2844
2396 2615
4124 3955
693 2881
2584 941
651 4735
3090 2278
137 2758
3200 3635
3127 4519
682 4420
3109 1919
1654 4828
3076 4693
3319 4206
2701 3718
2050 97
2686 1175
404 3379
4056 2989
672 1059
2724 3763
3337 4214
2873 2890
2849 2352
2409 4883
3124 1870
3154 1130
1699 1231
823 18
437 3524
88 3839
4974 2774
14 378
2505 422
4719 3178
2833 2444
3293 1171
3010 2518
4061 2211
4870 2822
2095 4346
4693 1601
476 1392
2832 1300
1410 4621
1176 2850
3461 2502
625 4827
2881 4482
250 2600
2660 3083
1396 2305
606 4406
4823 1019
2970 4693
3842 65
4039 3535
1666 868
1279 851
3520 4041
472 4696
1891 3933
3551 2516
3761 1432
3351 363
384 1011
4798 3133
3317 1757
2539 4492
2776 1861
4186 2970
1926 4577
2857 4945
445 4136
796 3965
3177 1268
14 69
1554 3565
3937 315
1349 2288
2030 1733
4652 1828
4866 4321
3585 3758
3813 2714
619 4351
684 3898
3929 3542
195 726
2678 991
1044 2208
3611 1058
2277 1517
975 2566
1832 2324
4855 214
409 859
2043 1628
180 1980
1738 345
4694 3709
4697 379
2607 3626
3921 4154
704 2951
1497 1748
159 109
2806 3788
2978 3781
1355 1163
2457 2562
1377 2867
4773 3420
847 4953
401 2585
298 95
1294 4995
1826 254
4973 747
4408 678
51 906
3778 210
2367 1585
351 1697
1718 3058
2860 528
1972 4238
4747 1745
4010 594
3050 763
4531 3348
859 825
4696 4037
2431 1021
4785 3192
3051 1188
450 1830
2750 4169
4767 3101
866 2837
1159 3727
3365 3131
4317 4464
1228 3327
58 4278
4091 4589
3979 1302
1767 27
339 550
2400 1476
94 452
2664 544
3634 415
1065 4753
3516 1932
2590 1028
2011 2308
511 2680
1772 1740
1007 3183
2370 1450
4124 1349
2752 891
2728 4444
2794 129
920 2888
1933 3585
4785 567
352 850
1672 220
4134 4262
1248 2497
2922 3112
177 4695
1204 2537
2878 3574
3987 2002
1276 3092
4246 356
2536 3392
485 4808
1280 2418
4745 1065
4337 97
3268 1009
318 2402
1624 2918
4900 4546
2382 1429
593 3586
3966 3471
3513 2954
1826 1141
2398 2424
1497 4934
816 1983
4742 2096
753 4488
4514 91
937 2782
2452 1255
1536 428
526 2788
4975 2908
4218 568
1495 4536
392 1360
3842 2218
2501 1240
4642 3998
1174 1810
2333 2269
3906 3087
3109 4772
4530 4046
3906 3334
1654 443
3763 3532
4583 3738
1440 3801
4306 4287
3338 1050
647 2180
3268 3148
4773 4262
3499 2299
1072 832
4568 1331
271 4029
2455 4801
4428 1362
3136 1082
3157 1899
4614 2740
1989 2406
2894 2647
1694 2584
3698 3693
1116 3318
3194 889
2581 1693
3189 5
3877 4109
2688 4149
3139 144
302 2567
2858 3438
1 2367
1689 967
107 3678
3373 4353
1326 1419
1937 1376
1465 3054
4694 4659
295 3627
2704 3484
3633 2933
3946 2673
2082 2085
4169 3737
1004 3379
2175 1005
746 217
3324 854
247 3049
207 1573
4469 3497
4301 2286
1551 3996
1945 1846
2623 1001
1683 2608
3934 629
1634 2369
4066 803
1106 70
4183 4633
2427 4929
4850 751
2135 98
152 3695
3023 973
2192 2325
3259 95
2673 1556
1941 296
2557 4976
4257 1492
1957 891
213 1023
1694 1319
2445 2229
2304 4872
3511 2155
1975 646
3605 2128
4341 2980
3101 2885
1657 2713
2980 4330
4269 1274
979 1827
1250 236
4671 4560
1127 1236
583 2821
2555 3029
1403 4859
4253 4914
3366 2581
1912 3323
4709 2606
2656 4162
491 4313
1875 4824
3644 2497
1098 4623
4324 3700
1211 347
3260 2338
1583 196
1511 490
3225 2914
1701 3830
4180 1420
1411 1093
4743 2472
3699 3751
1635 542
3065 4862
366 3061
3711 1464
4036 3035
1517 247
4734 4777
2585 2669
1325 448
3159 4550
3363 1213
4733 3895
2633 1144
4988 3728
4969 39
2480 2956
1934 545
2818 2300
4958 2882
117 3994
2269 1634
593 2004
2763 4530
4673 4089
4978 4185
4991 4693
398 1076
3589 4383
2221 4929
3111 3542
4969 591
1498 1903
2488 668
555 2446
3550 2024
2792 820
10 3385
2824 2774
4267 3849
3215 4246
3034 4558
3939 4784
635 2528
4167 4208
3810 2279
2750 3779
4222 4248
2034 3063
4916 3941
1861 3467
966 4654
639 976
4391 3463
102 3659
3664 4669
4257 3051
580 3196
2835 1215
2077 3355
1775 2239
1986 877
1018 2560
1477 4404
623 1393
4697 2485
1212 663
3491 1851
2992 4234
1666 4446
4245 331
4116 3502
4734 1048
3051 2569
2263 1480
2276 390
3719 4262
1267 1089
1823 4096
1845 3798
1841 1542
1283 3054
3558 1126
1257 1550
1713 4276
996 958
959 1464
813 693
2512 216
4614 1127
3048 1891
2869 1767
1153 488
4208 4328
4584 2405
3127 1426
3947 762
832 2505
1889 3441
407 3602
2717 2756
912 3676
572 1725
721 4437
3293 336
1916 1341
2227 4786
4460 4732
274 20
413 1211
2425 3540
2637 1373
4302 3469
230 2543
1910 1990
2497 980
4746 3410
1008 318
1487 1730
1107 1133
3418 3024
2474 645
2810 3287
1729 4436
3307 2142
647 733
2034 3284
2106 2689
3105 3688
1584 1368
678 4082
3700 424
3844 4708
2095 1683
2790 3202
2816 1208
1226 1643
3205 388
4930 1287
4825 3237
4781 472
322 1816
109 3780
4505 3214
2469 1089
934 3147
1523 4634
4924 367
695 3371
3403 3485
2925 2571
1046 504
4214 603
892 496
1890 2069
86 1672
3894 408
4840 4003
4189 4345
3569 3010
1786 4504
2509 4662
4138 3785
29 4833
2156 4784
4671 1434
2356 717
1938 1570
1320 4182
3419 4563
1252 3505
2587 146
265 2427
501 4454
1772 4070
3816 4910
4926 1326
4572 417
111 954
250 3620
738 1273
54 3094
3342 3344
1017 1015
3878 4436
578 1482
4293 3165
1628 4558
592 3481
365 3716
3904 4181
4978 3830
1859 4551
4247 1971
1857 850
1943 2595
2123 3349
2042 466
1693 4411
1481 571
199 3411
2054 4492
2928 34
4050 4872
4868 4415
3588 3772
4949 4918
3954 1808
821 3202
131 2678
404 2074
1626 2527
423 20
4345 3468
4431 2178
392 4630
1941 3798
4122 4869
184 4524
4741 52
3940 4681
176 241
4600 4131
2049 421
3685 2181
4452 4089
4255 1078
1616 1031
1098 2314
4499 529
844 1243
1511 2786
41 633
2655 226
157 3749
1630 449
3430 1807
690 4382
938 2740
1156 4623
1273 608
3712 528
3038 1680
2911 4136
346 2411
1017 1191
3654 2528
3977 48
4513 2984
274 1022
1733 1904
2824 1516
63 3514
2250 2353
2606 3406
3328 3879
366 3392
760 3404
1425 3671
3892 1771
2434 1261
2962 2441
141 1939
2489 1006
1276 4115
2029 3009
2371 1205
877 2435
4719 3128
1140 3678
2886 4469
3909 3253
2861 4669
3009 4286
4693 3254
1058 2127
867 372
920 2361
3664 3409
3367 4940
2524 1748
2949 4896
2953 179
3683 4025
3307 4823
2703 1193
4292 1612
798 3506
2634 160
4144 2327
4766 202
806 1985
1927 1727
4346 591
1488 2714
531 365
814 4832
261 3768
1363 296
2793 4670
119 1848
2216 764
3460 4366
4270 2446
878 3414
1125 1996
4969 1932
3982 3248
11 3328
3839 2851
2394 722
3216 3209
1906 4829
3329 3270
125 1122
4292 1597
2970 1508
2361 2782
2227 2983
229 3105
2749 2706
1454 4070
4638 436
2318 1001
116 1157
205 3863
3231 3421
2072 138
4603 401
4760 4728
2875 4052
1325 2197
561 38
1331 4140
3021 1560
3597 2123
4267 51
1193 257
1839 3512
2611 1956
1021 4168
819 4253
2589 4243
743 2192
996 503
3273 3871
4555 950
2420 1468
989 3751
608 362
1664 4206
2485 2283
609 3679
3892 2449
3543 1503
4405 4564
671 224
3817 4613
819 4560
3157 1815
63 2782
686 4619
3733 4458
2439 4722
3209 3048
1436 4873
3606 274
2156 4215
3953 1049
1664 2496
3904 1069
3412 928
2645 2230
1893 3464
3142 1402
279 3206
4185 2317
4177 2918
1775 1616
3992 1337
1016 1780
1210 4622
2054 4719
3838 2359
2120 502
1207 2376
2924 4620
4656 1921
1850 2901
386 4992
4304 2017
4550 3489
687 79
2759 3814
3048 3103
151 4064
4883 2714
3687 1938
3785 3877
4297 905
4379 505
4633 3655
125 642
577 3327
3543 2315
4671 2847
684 4222
2688 1371
653 447
186 3701
3550 1689
2766 4786
4403 1453
1724 3188
330 1021
445 1061
2878 1431
1069 3003
2073 1646
2682 1968
313 2354
4816 997
2928 3856
2369 3581
656 3907
2283 558
596 49
344 1352
2854 2068
