4191 35
4351 42
4384 98
4356 859
4162 700
4334 393
4380 190
4797 188
4925 381
4597 529
4608 691
4672 1178
4377 1219
4708 1518
4964 2067
4974 2081
4701 2190
4796 2391
4923 2701
4943 2849
4564 2878
4756 3222
4845 3241
4887 3452
4887 3883
4451 3806
4700 3964
4745 4096
4371 4129
4433 4117
4574 4603
4534 4714
4317 4404
4235 4282
4245 4380
4243 4468
4252 4493
3530 4970
3230 4539
2877 4645
3003 4841
2836 4976
2593 4818
2591 4807
2376 4804
2319 4438
1872 4282
1512 4151
1374 4051
1069 3963
1545 4299
1791 4459
1792 4754
1576 4920
1029 4790
986 4973
9 4739
100 4365
314 4282
397 3676
615 3349
587 3143
480 3176
129 3358
21 3302
157 2666
605 2135
274 2081
202 2015
248 1560
221 1412
3 1056
795 1028
418 938
245 918
155 410
550 477
936 891
1029 814
1029 792
937 616
708 195
1396 90
1240 717
1208 662
1311 492
1544 185
1598 419
1655 253
2309 283
2571 579
2700 86
2700 86
3427 665
3084 561
3084 561
3126 273
3126 273
3677 89
3677 89
3720 89
3965 205
3965 205
4191 35
